	ALA52	ASN24	ASN7	GLN51	GLN6	GLU20	GLU28	GLU50	LYS3	LYS31	PHE1	PHE9	PRO53	TYR10
ARG119	0	0	0	0	0	0	0	0	0	0	0	0	243	0
ARG19	0	0	0	0	0	0	0	0	0	23	0	0	0	0
ASN125	0	0	0	0	0	0	0	67	0	0	0	0	0	0
ASN198	0	0	556	0	929	0	0	0	0	0	0	0	0	0
ASN79	0	0	0	0	0	90	0	0	0	0	0	0	0	0
ASP76	0	177	0	0	0	0	0	0	0	0	0	0	0	0
GLN182	0	0	0	0	0	0	0	0	0	0	0	0	103	0
GLN75	0	818	0	0	0	0	136	0	0	0	0	0	0	0
GLU146	0	0	0	0	0	0	0	0	28	0	23	0	0	0
HIS197	0	0	0	0	0	0	0	0	0	0	0	0	0	297
HIS199	0	0	0	0	0	0	0	0	0	0	0	30	0	498
ILE17	0	0	0	0	851	0	0	0	0	55	0	0	0	0
LEU15	0	0	0	0	922	0	0	0	0	0	0	0	0	0
LYS178	97	0	0	0	0	0	0	113	0	0	0	0	182	0
LYS81	0	0	0	0	0	536	0	0	0	0	0	0	0	0
THR123	0	0	0	136	0	0	0	0	0	0	0	0	0	0
TYR200	0	0	0	0	0	0	0	0	23	0	386	0	0	0
