	ARG23	ASN7	ASP28	GLN6	GLU20	LYS24	LYS31	PHE1	PHE9	PRO53	TYR10
ARG19	0	0	0	0	0	0	109	0	0	0	0
ASN198	0	741	0	982	0	0	0	0	0	0	0
ASN79	72	0	0	0	202	0	0	0	0	0	0
ASP76	0	0	0	0	0	232	0	0	0	0	0
GLN75	0	0	260	0	0	211	23	0	0	0	0
GLU146	0	0	0	0	0	0	0	96	0	0	0
HIS197	0	16	0	0	0	0	0	0	0	0	379
HIS199	0	0	0	0	0	0	0	0	65	0	462
ILE17	0	0	0	869	0	0	255	0	0	0	0
LEU15	0	0	0	977	0	0	0	0	0	0	0
LYS178	0	0	0	0	0	0	0	0	0	41	0
LYS81	0	0	0	0	605	0	0	0	0	0	0
THR20	0	0	0	0	0	0	118	0	0	0	0
TYR200	0	0	0	0	0	0	0	311	0	0	0
