	ARG23	ASN17	ASN24	GLN51	GLN6	GLU20	GLU21	GLU7	LYS31	PHE9	PRO53	TYR10
ARG119	0	0	0	0	0	0	0	0	0	0	153	0
ARG19	0	0	0	0	0	0	0	0	140	0	0	0
ASN125	0	0	0	0	0	355	47	0	0	0	0	0
ASN198	0	0	0	0	682	0	0	34	0	0	0	0
ASN79	53	0	0	0	0	60	0	0	0	0	0	0
ASP76	139	0	135	0	0	0	0	0	0	0	0	0
GLN182	0	62	0	109	0	0	0	0	0	0	0	0
GLN75	0	0	847	0	0	0	0	0	0	0	0	0
HIS197	0	0	0	0	0	0	0	0	0	0	0	284
HIS199	0	0	0	0	0	0	0	0	0	83	0	547
ILE17	0	0	0	0	933	0	0	0	245	0	0	0
LEU15	0	0	0	0	719	0	0	0	0	0	0	0
LYS178	0	37	0	0	0	0	0	0	0	0	0	0
LYS81	0	0	0	0	0	539	0	0	0	0	0	0
SER18	0	0	0	0	221	0	0	0	0	0	0	0
THR20	0	0	0	0	0	0	0	0	141	0	0	0
TYR200	0	0	0	0	0	0	0	49	0	0	0	0
